    1.211586959762171       -7.2430314342223578E-002  -2.8168581024197450E-015 
   3.6080161967109601E-015  -1.1859538869851641E-016   5.8701254684088379E-017 
  -7.5177135543250486E-017   2.7395956010144416E-018   1.7206186079156505E-003 
   1.3366120354699151E-017  -1.7159019548399780E-017   5.4449026070499407E-019 
  -4.9506402525502146E-019   6.3492517957975439E-019  -2.1175194287045218E-020 
   0.8062609691853965        1.0513438097831445E-014  -2.9990189964511032E-014 
  -3.8682172999817854E-002  -2.4912953863595004E-016   7.1112241440467346E-016 
   0.8079862829570009        5.1269720820258767E-014  -2.4916285683457578E-016 
  -3.8340245822201635E-002  -1.2167675863330794E-015   0.8079862829569016      
   7.1110232796813918E-016  -1.2161170650295881E-015  -3.8340245822196917E-002 
   5.0591258954025924E-004   6.4767809424017356E-018  -1.8470861025361704E-017 
   4.9813530463924094E-004   3.1573687955703531E-017   4.9813530463917969E-004 
    1.211586959762171       -7.2430314342223565E-002   2.8167857733469397E-015 
  -3.6057690370025064E-015   1.1729434973255679E-016  -5.8701282134223207E-017 
   7.5193287582840731E-017  -2.5724577521732712E-018   1.7206186079156505E-003 
  -1.3366712301883552E-017   1.7147805009825250E-017  -5.9192509009912846E-019 
   4.9515194600365433E-019  -6.3476996351223568E-019   2.1034630051976347E-020 
   0.8062609691853966        1.0506137780050511E-014  -2.9991924700839081E-014 
  -3.8682172999817854E-002  -2.4914117463095186E-016   7.1110436155312578E-016 
   0.8079862829570008        5.1228197708867698E-014  -2.4912394314339591E-016 
  -3.8340245822201635E-002  -1.2162079488633775E-015   0.8079862829569016      
   7.1125593599167585E-016  -1.2159911084288804E-015  -3.8340245822196903E-002 
   5.0591258954025935E-004   6.4762257861122654E-018  -1.8470509091842075E-017 
   4.9813530463924094E-004   3.1624283171274829E-017   4.9813530463917969E-004
