    1.382676551944969       -3.8938572149471058E-002  -2.8413011320209345E-025 
  -1.5678377543647947E-025  -8.7335122612121569E-026   2.6883461875252545E-025 
  -1.0165846557672740E-025   8.0454149497892184E-026  -2.0790223483272000E-016 
  -6.3997118069641513E-018  -3.6034569572778815E-016   4.2117883652275017E-016 
   2.1248635146737638E-016   1.6167380551046393E-016   1.4087624847924776E-017 
   2.5339946425364315E-016  -3.8780685697747802E-016  -1.1705714341199341E-016 
   6.3724454952756150E-004   1.6781228917645088E-025   3.4067286763811199E-025 
   1.0117491475194687E-025  -1.8470885051729209E-026  -2.8555206418612287E-026 
  -9.2324739103718317E-027   2.0400387055539329E-018   3.1155451271273515E-019 
   2.6309537586562585E-018  -4.2286725941622556E-018  -1.6741500876507435E-018 
  -1.4930775475104942E-018  -4.7393733524691871E-020  -2.4208729834984982E-018 
   3.1628887016770395E-018   1.3084342824145709E-018   0.9488725723134249      
  -2.0818031709575153E-015   8.9536000941312004E-016  -8.6430446992495455E-002 
   9.5248746794264460E-017  -3.8599817232357013E-017  -4.8242024123076523E-023 
   7.3814458054672008E-025  -5.0315336333957251E-023   7.9593053031150677E-023 
   3.3644713967419983E-023   4.8827604600083205E-023  -1.6379284671494773E-025 
   5.0221574200242850E-023  -8.0041767571198648E-023  -3.5629322154958881E-023 
   0.9488725723134238       -1.1224946828411932E-015   9.5248777550944347E-017 
  -8.6430446992495413E-002   5.0444776548181512E-017  -1.7353755647883352E-023 
   1.7885754894132199E-024  -1.1046708280392713E-023   2.0382646293716390E-023 
   7.9697807520183631E-024   1.6843711323275998E-023  -1.4678220480734226E-024 
   1.6399829542337296E-023  -2.1047150366494236E-023  -8.8076039491561524E-024 
   0.9488725723134238       -3.8599846617096352E-017   5.0444747575053270E-017 
  -8.6430446992495427E-002   1.5386086725218423E-023  -2.3726225500549517E-024 
   1.1971431083665719E-023  -2.6664274492010174E-023  -6.3113632250116998E-025 
  -1.6848727956514521E-023  -3.0350515914513537E-024  -1.3211705473941529E-023 
   2.9906201855247217E-023   1.2841462400611564E-024   2.2553650575306643E-003 
  -4.9948329026527808E-018   2.1067024970239298E-018   1.5146053524573453E-024 
  -1.5118265094872963E-026   1.8922034700135987E-024  -2.8620109263007073E-024 
  -1.3265746500209283E-024  -1.5918211430087651E-024  -1.0391262024618676E-026 
  -1.9208753539156581E-024   2.9722353474043150E-024   1.1958247742987561E-024 
   2.2553650575306630E-003  -2.5838526880049431E-018  -4.6786923986777349E-026 
  -7.8159970559551062E-026  -1.4255305397707955E-025   7.1585007669314134E-026 
   2.1945216760513407E-025  -5.7760515753130785E-026   6.1595369409447168E-026 
  -1.5128122307656591E-025   5.1198208259130544E-026  -1.2967760250165984E-025 
   2.2553650575306622E-003  -1.4879044910871362E-026  -2.3797244894312480E-025 
   1.0567313457473554E-026   1.4370813892064141E-026  -1.5614684135985023E-025 
   7.0360421305013059E-026   1.9110883695735223E-026   4.1858036151886751E-026 
  -1.1495720413681741E-025   1.7517529816124999E-025   0.4710779703513654      
  -3.4697774693689537E-015  -5.9949722222461693E-016  -2.1060346317711420E-016 
   6.7561746972390068E-015  -0.7075436153269128        2.5839674767310761E-015 
   4.5128187675802067E-016   1.1028425563173958E-016  -5.0576516776302580E-015 
   0.7364617582398604       -3.2399631961233925E-015   6.3677096591654810E-015 
   2.7106815614040204E-015   2.5921006833511035E-015   -1.101923831011157      
   2.4376362658556614E-015  -4.7720259885440084E-015  -2.0202514742974008E-015 
   0.7364617582398586        2.0357476756031662E-015   8.3058744412714444E-015 
   4.3984775299841721E-016   2.4439977534336101E-015   -1.101923831011155      
  -1.5274735636941797E-015  -6.2103295181707824E-015   0.4710779703513641      
  -1.0184552922156354E-014   1.4061950173535860E-016  -4.7795443120367509E-015 
  -1.5267370209282500E-015  -0.7075436153269108        7.6176402292954025E-015 
   0.7364617582398549       -5.0606495115811502E-015  -2.0202519778296138E-015 
  -6.2022333009631258E-015   7.6274948690760667E-015   -1.101923831011149      
   0.2665380317828395       -1.9483609171014941E-015  -3.3501391547103529E-016 
  -2.1497412792595069E-016   3.8062237112586251E-015   0.4132821231706146      
  -1.8441570533472190E-015   3.5751097545979538E-015   1.5171041467733674E-015 
   0.4132821231706136        1.1511456819512963E-015   4.6591948196084203E-015 
   0.2665380317828387       -5.7163050470932804E-015   0.4132821231706116     
